Begin to generate burst dataset.
0
<capture_2024-03-04_14_05_50-anonymized_clean.pcap.TCP_59-21-11-131_42072_59-145-145-218_3128.pcap: TCP:2 UDP:0 ICMP:0 Other:0>
Reading /home/etbert/ET-BERT/dataset1/splitcap/capture_2024-03-04_14_05_50-anonymized_clean.pcap/capture_2024-03-04_14_05_50-anonymized_clean.pcap.TCP_59-21-11-131_42072_59-145-145-218_3128.pcap...
DONE EXTRACTING.....
2
[239, -392]
1
<capture_2024-03-04_14_05_50-anonymized_clean.pcap.TCP_59-21-1-16_47750_59-145-145-218_3128.pcap: TCP:1 UDP:0 ICMP:0 Other:0>
Reading /home/etbert/ET-BERT/dataset1/splitcap/capture_2024-03-04_14_05_50-anonymized_clean.pcap/capture_2024-03-04_14_05_50-anonymized_clean.pcap.TCP_59-21-1-16_47750_59-145-145-218_3128.pcap...
DONE EXTRACTING.....
1
[-392]
2
<capture_2024-03-04_14_05_50-anonymized_clean.pcap.TCP_59-21-1-142_63716_59-145-145-218_3128.pcap: TCP:6 UDP:0 ICMP:0 Other:0>
Reading /home/etbert/ET-BERT/dataset1/splitcap/capture_2024-03-04_14_05_50-anonymized_clean.pcap/capture_2024-03-04_14_05_50-anonymized_clean.pcap.TCP_59-21-1-142_63716_59-145-145-218_3128.pcap...
DONE EXTRACTING.....
6
[256, 569, 145, 811, 948, 83]
3
<capture_2024-03-04_14_05_50-anonymized_clean.pcap.TCP_59-21-11-245_56994_59-145-145-216_3128.pcap: TCP:89 UDP:0 ICMP:0 Other:0>
Reading /home/etbert/ET-BERT/dataset1/splitcap/capture_2024-03-04_14_05_50-anonymized_clean.pcap/capture_2024-03-04_14_05_50-anonymized_clean.pcap.TCP_59-21-11-245_56994_59-145-145-216_3128.pcap...
DONE EXTRACTING.....
89
[274, 592, 126, 144, 268, 1500, 1179, 2948, 1500, 2948, 371, 83, 87, 91, 87, 91, 87, 91, 120, 838, 87, 91, 120, 388, 87, 91, 120, 421, 87, 91, 120, 1962, 91, 87, 119, 383, 87, 91, 120, 756, 87, 91, 116, 388, 120, 908, 91, 87, 87, 120, 1055, 87, 91, 120, 581, 87, 91, 120, 755, 91, 87, 120, 420, 91, 87, 116, 756, 87, 91, 116, 420, 87, 91, 116, 755, 91, 87, 120, 621, 87, 91, 120, 949, 87, 91, 120, 1056, 87, 91]
4
<capture_2024-03-04_14_05_50-anonymized_clean.pcap.TCP_59-21-11-209_40468_59-145-145-234_3128.pcap: TCP:1 UDP:0 ICMP:0 Other:0>
Reading /home/etbert/ET-BERT/dataset1/splitcap/capture_2024-03-04_14_05_50-anonymized_clean.pcap/capture_2024-03-04_14_05_50-anonymized_clean.pcap.TCP_59-21-11-209_40468_59-145-145-234_3128.pcap...
DONE EXTRACTING.....
1
[-371]
5
<capture_2024-03-04_14_05_50-anonymized_clean.pcap.TCP_59-21-11-185_35396_59-145-145-218_3128.pcap: TCP:4117 UDP:0 ICMP:0 Other:0>
Reading /home/etbert/ET-BERT/dataset1/splitcap/capture_2024-03-04_14_05_50-anonymized_clean.pcap/capture_2024-03-04_14_05_50-anonymized_clean.pcap.TCP_59-21-11-185_35396_59-145-145-218_3128.pcap...
DONE EXTRACTING.....
4115
[843, -438, 126, 144, 2065, 357, -1030, -83, 83, -662, -83, -91, 91, 407, 409, -91, 2054, 357, 408, 362, -560, -83, -91, 91, 2048, 362, -589, -91, 91, -557, -83, -91, 91, -559, -83, -91, 91, 407, 370, -589, -91, 91, 2054, 350, 402, 362, -557, -83, -91, 91, -588, -91, 91, 2050, 362, -559, -122, 91, 367, 357, -628, 91, 446, -610, -118, -83, -91, 91, 1980, 389, -91, 494, 370, -559, -122, 91, 1967, 362, -562, -83, -91, 91, -594, -91, 91, 487, 362, -561, -83, -91, 91, 1931, 357, -591, -91, 91, 446, -649, -83, -91, 91, 144, -149, -91, 91, 144, -590, -118, -83, -91, 91, 144, -584, -118, -83, -91, 91, 420, 350, -590, -91, 91, 1967, 370, -559, -83, -91, 91, 494, 362, -558, -83, -91, 91, 1966, 362, -593, -91, 91, 453, 357, -588, -91, 91, 1982, 389, -91, -558, -83, -91, 91, 492, 370, -562, -83, -91, 91, 1969, 362, -560, -83, -91, 91, 486, 362, -559, -83, -91, 91, 1928, 357, -588, -91, 91, 506, 350, -560, -83, -91, 91, 1924, 389, -91, -594, -91, 91, 506, 370, -561, -83, -91, 91, 1969, 362, -559, -122, 91, 487, 362, -592, -91, 91, 1927, 357, -561, -122, 91, 504, 389, -91, -561, -83, -91, 91, 1969, 370, -593, -91, 91, 491, 362, -560, -83, -91, 91, 1965, 362, -561, -83, -91, 91, 454, 357, -587, -91, 91, 1979, 357, 452, 362, 1980, 362, -560, -83, -91, 91, 492, 370, -557, -83, -91, 91, -557, -83, -91, 91, -589, -91, 91, 1967, 350, -560, -83, -91, 91, 493, 370, -565, -83, -91, 91, 1970, 362, -590, -91, 91, 486, 362, -590, -91, 91, 1931, 357, -558, -83, -91, 91, 502, 389, -91, -561, -83, -91, 91, 1969, 370, -561, -83, -91, 91, 489, 362, -557, -83, -91, 91, 1967, 362, -592, -91, 91, 451, 357, -558, -83, -91, 91, 1983, 389, -91, -593, -91, 91, 492, 370, -589, -91, 91, 1971, 362, -560, -83, -91, 91, 485, 362, -588, -91, 91, 1930, 357, -562, -83, -91, 91, 505, 389, -91, -561, -83, -91, 91, 1969, 370, -592, -91, 91, 494, 362, -562, -83, -91, 91, 1964, 362, -561, -83, -91, 91, 491, 350, -561, -83, -91, 91, 1969, 357, -592, -91, 91, 490, 389, -91, -560, -83, -91, 91, 1969, 370, -593, -91, 91, 492, 362, -560, -83, -91, 91, 461, -654, -83, -91, 91, 1867, 362, -591, -91, 91, 548, 357, -557, -122, 91, 1884, 389, -91, -594, -91, 91, 586, 370, -560, -122, 91, 1872, 362, -592, -91, 91, 583, 362, -561, -83, -91, 91, 364, 1832, 357, -561, -122, 91, 604, 362, 1867, 362, 549, 357, 1884, 370, -630, 91, -590, -91, 91, -653, -83, -91, 91, 545, -591, -91, 91, -589, -651, -83, -91, 91, 144, -586, -118, -83, -91, 91, 144, -588, -118, -83, -91, 91, 1887, 350, -557, -83, -91, 91, 587, 370, -632, 91, 1872, 362, -557, -83, -91, 91, 585, 362, -591, -91, 91, 1831, 357, -559, -83, -91, 91, 604, 389, -91, -558, -83, -91, 91, 1873, 370, -560, -83, -91, 91, 585, 362, -562, -122, 91, 1869, 362, -561, -122, 91, 548, 357, -629, 91, 1885, 389, -91, -591, -91, 91, 587, 370, -590, -91, 91, 1871, 362, -561, -122, 91, 585, 362, -558, -83, -91, 91, 1831, 357, -559, -83, -91, 91, 598, 350, -561, -83, -91, 91, 1873, 370, -559, -83, -91, 91, 589, 362, -556, -83, -91, 91, 1871, 350, -561, -83, -91, 91, 589, 362, -560, -83, -91, 91, 1832, 357, -560, -83, -91, 91, 601, 350, -561, -83, -91, 91, 1873, 370, -562, -83, -91, 91, 587, 362, -561, -83, -91, 91, 1869, 362, -559, -83, -91, 91, 547, 357, -558, -83, -91, 91, 1886, 350, -560, -83, -91, 91, 586, 370, -563, -83, -91, 91, 1870, 362, -558, -83, -91, 91, 585, 362, 1833, 357, 601, 362, -561, -83, -91, 91, 1874, 370, -559, -83, -91, 91, -562, -83, -91, 91, -556, -83, -91, 91, 589, 362, -558, -83, -91, 91, 1830, 357, -561, -83, -91, 91, 603, 350, -559, -83, -91, 91, 1871, 370, -562, -83, -91, 91, 587, 362, -562, -83, -91, 91, 1867, 362, -557, -83, -91, 91, 547, 357, -559, -83, -91, 91, 1884, 350, -559, -83, -91, 91, 587, 370, -558, -83, -91, 91, 1872, 362, -559, -83, -91, 91, 584, 362, -559, -83, -91, 91, 1830, 357, -558, -83, -91, 91, 599, 350, -558, -83, -91, 91, 362, -587, -118, -122, 91, 1873, 370, -559, -83, -91, 91, 587, 362, -562, -122, 91, 1868, 362, -562, -83, -91, 91, 545, 357, -559, -83, -91, 91, 1883, 370, -557, -83, -91, 91, 590, 350, -561, -83, -91, 91, 1826, 350, -563, -83, -91, 91, 602, 362, -560, -83, -91, 91, 1871, 350, 590, 370, -560, -83, -91, 91, -560, -83, -91, 91, 1872, 362, -559, -83, -91, 91, 584, 362, -558, -83, -91, 91, 361, -588, -118, 1543, -83, -91, 91, -587, 144, -118, -122, 91, -563, -118, 144, -83, -91, 91, -585, -118, -83, -91, 91, 435, 357, -560, -83, -91, 91, 602, 362, -562, -83, -91, 91, 1760, 357, -560, -83, -91, 91, 475, 350, -561, -83, -91, 91, 1988, 409, -91, -559, -83, -91, 91, 472, 362, -560, -83, -91, 91, 1984, 362, -561, -83, -91, 91, 431, 357, -563, -83, -91, 91, 1999, 350, -559, -83, -91, 91, 472, 409, -91, -563, -83, -91, 91, 1986, 362, 436, 357, 2002, 362, 473, 370, 1989, 362, -558, -83, -91, 91, -559, -83, -91, 91, -558, -83, -91, 91, -557, -83, -91, 91, -561, -83, -91, 91, 467, 362, -560, -83, -91, 91, 1946, 357, -559, -83, -91, 91, 487, 350, -563, -83, -91, 91, 1988, 409, -91, -561, -83, -91, 91, 473, 362, -558, -83, -91, 91, 1980, 362, -563, -83, -91, 91, 433, 357, -562, -83, -91, 91, 2002, 350, -558, -83, -91, 91, 473, 409, -91, -561, -83, -91, 91, 1986, 362, -559, -83, -91, 91, 468, 362, -561, -83, -91, 91, 1947, 357, -557, -83, -91, 91, 487, 350, -562, -83, -91, 91, 1990, 409, -91, -558, -83, -91, 91, 474, 362, -559, -83, -91, 91, 1985, 362, -559, -83, -91, 91, 432, 357, -559, -83, -91, 91, 2001, 350, -562, -83, -91, 91, 427, 350, -560, -83, -91, 91, 2001, 370, -556, -83, -91, 91, 475, 362, -560, -83, -91, 91, 1980, 362, -558, -83, -91, 91, 432, 357, -557, -83, -91, 91, 2003, 350, -559, -83, -91, 91, 473, 409, -91, -561, -83, -91, 91, 1987, 362, -559, -83, -91, 91, 468, 362, -556, -83, -91, 91, 1947, 357, -564, -83, -91, 91, 486, 350, -563, -83, -91, 91, 1988, 401, -91, 434, 357, 2002, 362, 473, 370, -562, -83, -91, 91, -560, -83, -91, 91, -558, -83, -91, 91, -565, -83, -91, 91, 1944, 370, -563, -83, -91, 91, 486, 362, -558, -83, -91, 91, 1981, 362, -558, -83, -91, 91, 434, 357, -558, -83, -91, 91, 2001, 350, -562, -83, -91, 91, 364, -584, -118, -83, -91, 91, 476, 409, -91, -563, -83, -91, 91, 1988, 362, -564, -83, -91, 91, 466, 362, -559, -83, -91, 91, 1949, 357, -561, -83, -91, 91, 486, 350, -563, -83, -91, 91, 1944, -586, -118, 144, -83, -91, 91, -566, -118, 144, -83, -91, 91, -585, -118, 144, -83, -91, 91, -584, -118, -83, -91, 91, 486, 370, -561, -83, -91, 91, 1986, 362, -558, -83, -91, 91, 470, 362, -562, -83, -91, 91, 1944, 357, 486, 350, -562, -83, -91, 91, -561, -83, -91, 91, 1989, 409, -91, -560, -83, -91, 91, 471, 362, -555, -83, -91, 91, 1983, 362, -557, -83, -91, 91, 471, 350, 1987, 357, -561, -83, -91, 91, -562, -83, -91, 91, 472, 350, -561, -83, -91, 91, 1989, 409, -91, -559, -83, -91, 91, 472, 362, -561, -83, -91, 91, 1982, 362, -560, -83, -91, 91, 470, 350, -559, -83, -91, 91, 1989, 357, -559, -83, -91, 91, 471, 409, -91, -562, -83, -91, 91, 1990, 362, -562, -83, -91, 91, 470, 362, -561, -83, -91, 91, 1990, 350, -561, -83, -91, 91, 471, 357, -560, -83, -91, 91, 1987, 362, 471, 362, 1989, 370, -560, -83, -91, 91, 475, 357, -561, -83, -91, 91, -560, -83, -91, 91, -559, -83, -91, 91, 1990, 409, -91, -559, -83, -91, 91, 474, 362, -562, -83, -91, 91, 1984, 362, -557, -83, -91, 91, 471, 350, -560, -83, -91, 91, 1990, 357, -557, -83, -91, 91, 473, 409, -91, -563, -83, -91, 91, 1991, 362, -559, -83, -91, 91, 471, 362, 1990, 350, -558, -83, -91, 91, -560, -83, -91, 91, 472, 357, -561, -83, -91, 91, 1985, 409, -91, -557, -83, -91, 91, 472, 362, -561, -83, -91, 91, 1989, 350, 473, 362, -561, -83, -91, 91, -559, -83, -91, 91, 1948, 357, -559, -83, -91, 91, 486, 409, -91, -561, -83, -91, 91, 1987, 362, -559, -83, -91, 91, 470, 350, -559, -83, -91, 91, 1989, 362, -561, -83, -91, 91, 471, 350, 1987, 357, -555, -83, -91, 91, -558, -83, -91, 91, 472, 409, -91, -561, -83, -91, 91, 1988, 362, -562, -83, -91, 91, 364, -583, -118, -83, -91, 91, 471, 350, -559, -83, -91, 91, 1987, 362, -562, -83, -91, 91, 433, 357, -562, -83, -91, 91, 2002, 409, -91, -559, -83, -91, 91, 472, 362, -558, -83, -91, 91, 1987, 350, -560, -83, -91, 91, 473, 362, -561, -83, -91, 91, 1949, 357, -562, -83, -91, 91, 363, -588, -118, 144, -122, 91, 485, 362, 1985, 362, 254, 370, 368, 357, -563, -83, -91, 91, -559, -83, -91, 91, -562, -83, -91, 91, -588, -118, 1945, -83, -91, 91, -559, -83, -91, 91, -563, -118, 144, -83, -91, 91, -563, -118, -83, -91, 91, 488, 409, -91, -559, -83, -91, 91, 1989, 362, -559, -83, -91, 91, 473, 350, -558, -83, -91, 91, 1989, 362, -563, -83, -91, 91, 434, 357, -562, -83, -91, 91, 1999, 409, -91, -559, -83, -91, 91, 471, 362, -562, -83, -91, 91, 1987, 350, -561, -83, -91, 91, 474, 362, -563, -83, -91, 91, 1947, 357, -562, -83, -91, 91, 486, 409, -91, -562, -83, -91, 91, 1988, 362, -562, -83, -91, 91, 472, 350, -559, -83, -91, 91, 1988, 362, -564, -83, -91, 91, 429, 357, -562, -83, -91, 91, 2003, 409, -91, -563, -83, -91, 91, 473, 362, -562, -83, -91, 91, 1990, 350, -562, -83, -91, 91, 428, 350, -561, -83, -91, 91, 1999, 362, -565, -83, -91, 91, 433, 357, -560, -83, -91, 91, 2002, 409, -91, -557, -83, -91, 91, 473, 362, -562, -83, -91, 91, 1988, 350, -559, -83, -91, 91, 474, 362, -562, -83, -91, 91, 1950, 357, -560, -83, -91, 91, 486, 91, 370, -91, -559, -83, -91, 91, 1989, 362, -562, -83, -91, 91, 472, 350, -563, -83, -91, 91, 1987, 370, 474, 362, 1984, 362, -561, -83, -91, 91, -559, -83, -91, 91, -561, -83, -91, 91, 433, 357, -558, -83, -91, 91, 2003, 362, -559, -122, 91, 432, 357, -558, -83, -91, 91, 2000, 409, -91, -559, -83, -91, 91, 474, 362, -594, -91, 91, 1991, 350, -561, -83, -91, 91, 471, 362, -559, -83, -91, 91, 1946, 357, -560, -83, -91, 91, 487, 409, -91, -560, -83, -91, 91, 1990, 362, -562, -83, -91, 91, 472, 350, -558, -83, -91, 91, 1986, 362, -558, -83, -91, 91, 433, 357, -560, -83, -91, 91, 544, 91, -91, -587, -118, -83, -91, 91, 1820, 370, -564, -83, -91, 91, 474, 362, -560, -83, -91, 91, 1989, 350, -560, -83, -91, 91, 473, 362, -560, -83, -91, 91, 1947, 357, -558, -83, -91, 91, 488, 370, -560, -83, -91, 91, 1989, 389, -91, -558, -83, -91, 91, 472, 370, -560, -83, -91, 91, 1990, 362, -564, -83, -91, 91, 473, 350, 1989, 362, -560, -83, -91, 91, -562, -83, -91, 91, 473, 350, -561, -83, -91, 91, 1990, 362, -561, -83, -91, 91, 363, -588, -118, 144, -83, -91, 91, -584, -118, 144, -122, 91, 432, 357, -563, -118, 1726, -83, -91, 91, -561, -122, 91, -585, -118, -122, 91, 420, 362, -564, -83, -91, 91, 434, 357, -561, -83, -91, 91, 1988, 409, -91, -562, -83, -91, 91, 470, 362, -561, -122, 91, 1990, 350, -563, -83, -91, 91, 628, 362, -558, -83, -91, 91, 1793, 357, -562, -83, -91, 91, 640, 409, -91, -557, -83, -91, 91, 1833, 362, 630, 350, -563, -83, -91, 91, -562, -83, -91, 91, 1836, 357, 589, 362, 1842, 362, -564, -83, -91, 91, 630, 370, -562, -83, -91, 91, -559, -83, -91, 91, -559, -83, -91, 91, 1835, 362, -633, 91, 586, 357, -559, -83, -91, 91, 1845, 409, -91, -563, -83, -91, 91, 627, 350, -558, -83, -91, 91, 1834, 362, -560, -83, -91, 91, 622, 362, -560, -83, -91, 91, 1796, 357, -562, -83, -91, 91, 641, 389, -91, 1836, 370, -562, -83, -91, 91, -564, -122, 91, 625, 362, -560, -83, -91, 91, 1830, 362, -559, -83, -91, 91, 588, 357, -559, -83, -91, 91, 1846, 389, -91, -559, -83, -91, 91, 629, 370, -561, -83, -91, 91, 1834, 362, -559, -83, -91, 91, 623, 362, -561, -83, -91, 91, 1793, 357, -559, -83, -91, 91, 637, 389, -91, -562, -83, -91, 91, 1790, 350, -559, -83, -91, 91, 638, 370, -559, -83, -91, 91, 1835, 362, -559, -83, -91, 91, 624, 362, -562, -83, -91, 91, 1793, 357, -562, -83, -91, 91, 640, 389, -91, -560, -83, -91, 91, 1835, 370, -561, -83, -91, 91, 629, 362, -562, -83, -91, 91, 1832, 362, -562, -83, -91, 91, 586, 357, -563, -83, -91, 91, 1842, 396, -91, 628, 370, 1616, 362, 402, 362, -561, -83, -91, 91, -563, -83, -91, 91, -563, -83, -91, 91, -561, -122, 91, 627, 350, -561, -83, -91, 91, 1834, 370, -561, -83, -91, 91, 628, 362, -562, -83, -91, 91, 1832, 362, -559, -83, -91, 91, 585, 357, -557, -83, -91, 91, 542, -589, -118, -83, -91, 91, 1666, 389, -91, -561, -83, -91, 91, 630, 370, -561, -83, -91, 91, 1833, 362, -561, -83, -91, 91, 621, 362, -591, -91, 91, 1797, 357, -562, -83, -91, 91, 364, 91, -91, -588, -118, 298, -83, -91, 91, -588, 144, -118, -83, -91, 91, -565, -118, 144, -83, -91, 91, -563, -118, -83, -91, 91, 489, 350, -564, -83, -91, 91, 1833, 370, -561, -83, -91, 91, 559, 362, -561, -83, -91, 91, 489, 362, -559, -83, -91, 91, 1930, 357, -558, -83, -91, 91, 507, 389, -91, -561, -83, -91, 91, 1971, 370, -561, -83, -91, 91, 493, 362, -561, -83, -91, 91, 1966, 362, -563, -83, -91, 91, 452, 357, -561, -83, -91, 91, 1982, 350, -562, -83, -91, 91, 450, 350, -560, -83, -91, 91, 1982, 370, -561, -83, -91, 91, 493, 362, -559, -83, -91, 91, 1966, 362, -559, -83, -91, 91, 449, 357, -563, -83, -91, 91, 1985, 389, -91, -562, -83, -91, 91, 489, 370, -562, -83, -91, 91, 1967, 362, -563, -83, -91, 91, 490, 362, -562, -83, -91, 91, 1930, 357, -563, -83, -91, 91, 502, 362, 1751, 357, 363, 362, 494, 370, -562, -122, 91, -561, -83, -91, 91, -560, -83, -91, 91, -563, -83, -91, 91, 1971, 350, -556, -83, -91, 91, 491, 370, -561, -83, -91, 91, 1970, 362, -560, -83, -91, 91, 487, 362, -563, -83, -91, 91, 1931, 357, -561, -83, -91, 91, 507, 389, -91, -561, -83, -91, 91, 1969, 370, -556, -83, -91, 91, 493, 362, -563, -83, -91, 91, 1965, 362, -558, -83, -91, 91, 454, 357, -562, -83, -91, 91, 1985, 389, -91, -557, -83, -91, 91, 490, 370, -558, -83, -91, 91, 1970, 362, -559, -83, -91, 91, 487, 362, -559, -83, -91, 91, 1929, 357, -561, -83, -91, 91, 505, 389, -91, -563, -83, -91, 91, 1968, 370, -562, -83, -91, 91, 492, 362, -561, -83, -91, 91, 1965, 362, -562, -83, -91, 91, 453, 357, -558, -83, -91, 91, 1985, 350, -562, -83, -91, 91, 447, 389, -91, -562, -83, -91, 91, 1982, 370, -562, -122, 91, 491, 362, -560, -83, -91, 91, 1925, -585, -118, -83, -91, 91, 507, 362, -558, -83, -91, 91, 1930, 357, -561, -83, -91, 91, 507, 389, -91, -562, -83, -91, 91, 1972, 370, -562, -83, -91, 91, 492, 362, -560, -83, -91, 91, 1964, 362, -559, -83, -91, 91, 452, 357, -564, -83, -91, 91, 527, 1821, 370, 273, 362, -587, -118, 527, -83, -91, 91, 1768, 357, 506, 362, -562, -83, -91, 91, -558, -560, -83, -91, -83, 91, -585, -118, -83, -91, 91, 1928, -560, -83, -91, 91, -582, -118, 163, -83, -91, 91, -564, -118, -83, -91, 91, 487, 350, -560, -83, -91, 91, 1970, 370, -562, -83, -91, 91, 491, 362, -559, -83, -91, 91, 1967, 362, -559, -83, -91, 91, 450, 357, -562, -122, 91, 1985, 389, -91, -557, -83, -91, 91, 492, 370, -560, -83, -91, 91, 1970, 362, -560, -83, -91, 91, 489, 362, -563, -83, -91, 91, 1932, 357, -560, -83, -91, 91, 507, 389, -91, -559, -83, -91, 91, 1971, 370, -560, -83, -91, 91, 491, 362, -558, -83, -91, 91, 1965, 362, -561, -83, -91, 91, 454, 357, -563, -83, -91, 91, 1980, 389, -91, -559, -83, -91, 91, 494, 370, -564, -83, -91, 91, 1970, 362, -563, -83, -91, 91, 488, 362, -557, -83, -91, 91, 1929, 357, -557, -83, -91, 91, 507, 389, -91, -560, -83, -91, 91, 1971, 370, -559, -83, -91, 91, 493, 362, -563, -83, -91, 91, 1968, 362, -558, -83, -91, 91, 454, 357, -556, -83, -91, 91, 1982, 389, -91, -563, -83, -91, 91, 492, 370, -561, -83, -91, 91, 1972, 362, -559, -83, -91, 91, 486, 362, 1970, 370, 491, 362, 1970, 357, 492, 350, -560, -83, -91, 91, -561, -83, -91, 91, -560, -122, 91, 1969, 362, -562, -83, -91, 91, -561, -83, -91, 91, -560, -122, 91, 451, 357, -559, -83, -91, 91, 1983, 389, -91, -561, -83, -91, 91, 491, 370, -560, -83, -91, 91, 1970, 362, -563, -83, -91, 91, 487, 362, -563, -83, -91, 91, 1929, 357, -559, -83, -91, 91, 506, 389, -91, -561, -83, -91, 91, 1970, 370, -560, -83, -91, 91, 490, 362, -560, -83, -91, 91, 1967, 362, -561, -83, -91, 91, 452, 357, -559, -122, 91, 1985, 389, -91, -558, -83, -91, 91, 492, 370, -561, -83, -91, 91, 1969, 362, -559, -83, -91, 91, 489, 362, -559, -83, -91, 91, 1931, 357, -559, -83, -91, 91, 504, 370, -560, -83, -91, 91, 1971, 350, -561, -83, -91, 91, 493, 370, -559, -83, -91, 91, 1971, 362, 491, 350, -560, -83, -91, 91, -561, -83, -91, 91, 1968, 362, -558, -83, -91, 91, 381, -587, -118, 144, -83, -91, 91, 466, 362, -560, -83, -91, 91, -585, -118, 1707, -83, -91, 91, -589, 144, -118, -83, -91, 91, -562, -118, -83, -91, 144, 91, -561, -118, -83, -91, 91, 366, 357, -561, -83, -91, 91, 506, 362, -560, -122, 91, 1924, 357, -560, -83, -91, 91, 506, 389, -91, -563, -83, -91, 91, 1971, 370, -557, -122, 91, 491, 362, -564, -83, -91, 91, 1966, 362, -562, -83, -91, 91, 450, 357, -560, -83, -91, 91, 1983, 389, -91, -558, -83, -91, 91, 493, 370, -562, -83, -91, 91, 1972, 362, -563, -83, -91, 91, 487, 362, 1970, 350, 492, 370, 1969, 357, 493, 362, -562, -83, -91, 91, -564, -83, -91, 91, -561, -83, -91, 91, -560, -83, -91, 91, -562, -83, -91, 91, 1967, 362, -560, -83, -91, 91, 452, 357, -561, -83, -91, 91, 1983, 389, -91, -558, -83, -91, 91, 493, 370, -559, -83, -91, 91, 1969, 362, -561, -83, -91, 91, 489, 362, -564, -83, -91, 91, 1932, 357, -561, -83, -91, 91, 506, 389, -91, -558, -83, -91, 91, 1969, 370, 494, 362, -562, -83, -91, 91, -560, -83, -91, 91, 1965, 362, -559, -83, -91, 91, 452, 357, -562, -83, -91, 91, 1984, 389, -91, -561, -83, -91, 91, 493, 362, 1751, 370, -560, -83, -91, 91, -559, -83, -91, 91, 402, 362, -559, -83, -91, 91, 454, 357, -560, -83, -91, 91, 1972, 389, -91, -560, -83, -91, 91, 492, 362, 1969, 370, -558, -83, -91, 91, -558, -83, -91, 91, 491, 362, -560, -83, -91, 91, 1930, 357, -561, -83, -91, 91, 504, 389, -91, -558, -83, -91, 91, 1971, 370, 493, 362, -559, -83, -91, 91, -559, -83, -91, 91, 1964, 362, -561, -83, -91, 91, 449, 357, -560, -83, -91, 91, 1981, 389, -91, -559, -83, -91, 91, 493, 370, 1970, 357, 454, 362, 1984, 350, -560, -83, -91, 91, 491, 362, -560, -83, -91, 91, -559, -83, -91, 91, -559, -83, -91, 91, -559, -83, -91, 91, 1969, 370, 493, 362, -562, -83, -91, 91, -560, -83, -91, 91, 1966, 362, -560, -83, -91, 91, 452, 357, -559, -83, -91, 91, 1987, 389, -91, -560, -83, -91, 91, 492, 370, 1968, 362, -560, -83, -91, 91, -562, -83, -91, 91, 487, 362, -557, -83, -91, 91, 1929, 357, -561, -83, -91, 91, 381, 91, -91, 485, 350, -584, -118, 1707, -83, -91, 91, -562, -83, -91, 91, -589, -118, 381, -83, -91, 91, -561, -118, 144, -83, -91, 91, -560, -118, 144, -83, -91, 91, -588, -118, -83, -91, 91, 487, 370, 1751, 362, -561, -83, -91, 91, -561, -83, -91, 91, 422, 362, -560, -83, -91, 91, 433, 357, -559, -83, -91, 91, 1967, 389, -91, -561, -83, -91, 91, 645, 370, 1813, 362, -562, -83, -91, 91, -561, -83, -91, 91, 641, 362, -560, -83, -91, 91, 1776, 357, -558, -83, -91, 91, 657, 389, -91, -562, -83, -91, 91, 1814, 362, 644, 370, -560, -83, -91, 91, -561, -83, -91, 91, 1816, 362, -560, -83, -91, 91, 605, 357, -560, -83, -91, 91, 1828, 389, -91, -562, -83, -91, 91, 643, 362, -561, -83, -91, 91, 1816, 370, -560, -83, -91, 91, 644, 362, -563, -83, -91, 91, 1775, 357, -562, -83, -91, 91, 656, 350, 1817, 370, 643, 362, -563, -83, -91, 91, -563, -83, -91, 91, -562, -83, -91, 91, 1815, 362, 385, 357, -561, -83, -91, 91, -563, -83, -91, 91, 405, 350, -558, -83, -91, 91, 1815, 370, 643, 362, -560, -83, -91, 91, -559, -83, -91, 91, 1814, 362, -557, -83, -91, 91, 606, 357, -560, -83, -91, 91, 1827, 389, -91, -560, -83, -91, 91, 644, 362, 1815, 370, -558, -83, -91, 91, -559, -83, -91, 91, 644, 362, -560, -83, -91, 91, 1777, 357, -561, -83, -91, 91, 655, 389, -91, -558, -83, -91, 91, 1817, 370, 645, 362, -556, -83, -91, 91, -558, -83, -91, 91, 1814, 362, -555, -83, -91, 91, 602, 357, -558, -83, -91, 91, 1829, 389, -91, -558, -83, -91, 91, 643, 362, 1817, 370, -562, -83, -91, 91, -559, -83, -91, 91, 643, 362, -558, -83, -91, 91, 1775, 357, -558, -83, -91, 91, 657, 389, -91, -560, -83, -91, 91, 1816, 370, 645, 362, -559, -83, -91, 91, -558, -83, -91, 91, 1812, 362, -558, -83, -91, 91, 603, 357, -561, -83, -91, 91, 1829, 389, -91, -561, -83, -91, 91, 643, 362, 1816, 370, -564, -83, -91, 91, -558, -83, -91, 91, 644, 362, -561, -83, -91, 91, 1775, 357, -559, -83, -91, 91, 381, 635, 350, 1816, 370, 425, 362, 366, 357, 1811, 362, -559, -83, -91, 91, -561, -83, -91, 91, -561, -83, -91, 91, -559, -83, -91, 91, -561, -83, -91, 91, -584, -118, 381, -83, -91, 91, -584, -118, 296, -83, -91, 91, -562, -118, 144, -83, -91, 91, -583, -118, 144, -83, -91, 91, -584, -118, -83, -91, 91, 472, 350, -560, -83, -91, 91, 1817, 370, 579, 362, -559, -83, -91, 91, -563, -83, -91, 91, 471, 362, -559, -83, -91, 91, 1774, 357, -564, -83, -91, 91, 575, 389, -91, -562, -83, -91, 91, 472, 370, 1967, 362, -560, -83, -91, 91, -563, -83, -91, 91, 486, 362, -560, -83, -91, 91, 1929, 357, -561, -83, -91, 91, 505, 389, -91, -562, -83, -91, 91, 1968, 370, 491, 362, -561, -83, -91, 91, -559, -83, -91, 91, 1964, 362, -561, -83, -91, 91, 453, 357, -561, -83, -91, 91, 1980, 389, -91, -559, -83, -91, 91, 490, 362, 1968, 370, -561, -83, -91, 91, -562, -83, -91, 91, 493, 362, -560, -83, -91, 91, 1929, 357, -559, -83, -91, 91, 504, 389, -91, -561, -83, -91, 91, 1966, 362, 492, 370, -562, -83, -91, 91, -559, -83, -91, 91, 1968, 362, -564, -83, -91, 91, 453, 357, -559, -83, -91, 91, 1982, 389, -91, -556, -83, -91, 91, 491, 362, 1969, 370, -561, -83, -91, 91]
6
<capture_2024-03-04_14_05_50-anonymized_clean.pcap.TCP_59-21-1-142_63691_59-33-19-238_7000.pcap: TCP:3 UDP:0 ICMP:0 Other:0>
Reading /home/etbert/ET-BERT/dataset1/splitcap/capture_2024-03-04_14_05_50-anonymized_clean.pcap/capture_2024-03-04_14_05_50-anonymized_clean.pcap.TCP_59-21-1-142_63691_59-33-19-238_7000.pcap...
DONE EXTRACTING.....
3
[-576, -576, -723]
7
<capture_2024-03-04_14_05_50-anonymized_clean.pcap.TCP_59-21-11-138_37798_59-145-145-218_3128.pcap: TCP:2 UDP:0 ICMP:0 Other:0>
Reading /home/etbert/ET-BERT/dataset1/splitcap/capture_2024-03-04_14_05_50-anonymized_clean.pcap/capture_2024-03-04_14_05_50-anonymized_clean.pcap.TCP_59-21-11-138_37798_59-145-145-218_3128.pcap...
DONE EXTRACTING.....
2
[265, -371]
8
<capture_2024-03-04_14_05_50-anonymized_clean.pcap.TCP_59-21-11-201_42736_59-145-145-218_3128.pcap: TCP:1 UDP:0 ICMP:0 Other:0>
Reading /home/etbert/ET-BERT/dataset1/splitcap/capture_2024-03-04_14_05_50-anonymized_clean.pcap/capture_2024-03-04_14_05_50-anonymized_clean.pcap.TCP_59-21-11-201_42736_59-145-145-218_3128.pcap...
DONE EXTRACTING.....
1
[-379]
9
<capture_2024-03-04_14_05_50-anonymized_clean.pcap.TCP_59-21-0-224_39508_59-145-145-234_443.pcap: TCP:4 UDP:0 ICMP:0 Other:0>
Reading /home/etbert/ET-BERT/dataset1/splitcap/capture_2024-03-04_14_05_50-anonymized_clean.pcap/capture_2024-03-04_14_05_50-anonymized_clean.pcap.TCP_59-21-0-224_39508_59-145-145-234_443.pcap...
DONE EXTRACTING.....
4
[926, 103, 885, 83]
10
<capture_2024-03-04_14_05_50-anonymized_clean.pcap.TCP_42-248-120-121_53548_59-21-1-183_22.pcap: TCP:5 UDP:0 ICMP:0 Other:0>
Reading /home/etbert/ET-BERT/dataset1/splitcap/capture_2024-03-04_14_05_50-anonymized_clean.pcap/capture_2024-03-04_14_05_50-anonymized_clean.pcap.TCP_42-248-120-121_53548_59-21-1-183_22.pcap...
DONE EXTRACTING.....
5
[-94, -1132, -488, -104, -104]
11
<capture_2024-03-04_14_05_50-anonymized_clean.pcap.TCP_59-21-0-16_44096_59-145-145-175_443.pcap: TCP:9 UDP:0 ICMP:0 Other:0>
Reading /home/etbert/ET-BERT/dataset1/splitcap/capture_2024-03-04_14_05_50-anonymized_clean.pcap/capture_2024-03-04_14_05_50-anonymized_clean.pcap.TCP_59-21-0-16_44096_59-145-145-175_443.pcap...
DONE EXTRACTING.....
9
[569, -2153, 178, -103, 305, -533, -86, 83, -83]
12
<capture_2024-03-04_14_05_50-anonymized_clean.pcap.TCP_59-21-11-156_53540_59-152-245-253_80.pcap: TCP:1 UDP:0 ICMP:0 Other:0>
Reading /home/etbert/ET-BERT/dataset1/splitcap/capture_2024-03-04_14_05_50-anonymized_clean.pcap/capture_2024-03-04_14_05_50-anonymized_clean.pcap.TCP_59-21-11-156_53540_59-152-245-253_80.pcap...
DONE EXTRACTING.....
1
[287]
13
<capture_2024-03-04_14_05_50-anonymized_clean.pcap.TCP_59-21-11-138_55334_59-145-145-218_3128.pcap: TCP:1 UDP:0 ICMP:0 Other:0>
Reading /home/etbert/ET-BERT/dataset1/splitcap/capture_2024-03-04_14_05_50-anonymized_clean.pcap/capture_2024-03-04_14_05_50-anonymized_clean.pcap.TCP_59-21-11-138_55334_59-145-145-218_3128.pcap...
DONE EXTRACTING.....
1
[-371]
14
<capture_2024-03-04_14_05_50-anonymized_clean.pcap.TCP_59-21-11-250_40277_59-145-145-234_3128.pcap: TCP:1 UDP:0 ICMP:0 Other:0>
Reading /home/etbert/ET-BERT/dataset1/splitcap/capture_2024-03-04_14_05_50-anonymized_clean.pcap/capture_2024-03-04_14_05_50-anonymized_clean.pcap.TCP_59-21-11-250_40277_59-145-145-234_3128.pcap...
DONE EXTRACTING.....
1
[216]
15
<capture_2024-03-04_14_05_50-anonymized_clean.pcap.TCP_59-21-2-249_59960_59-145-145-175_3128.pcap: TCP:7 UDP:0 ICMP:0 Other:0>
Reading /home/etbert/ET-BERT/dataset1/splitcap/capture_2024-03-04_14_05_50-anonymized_clean.pcap/capture_2024-03-04_14_05_50-anonymized_clean.pcap.TCP_59-21-2-249_59960_59-145-145-175_3128.pcap...
DONE EXTRACTING.....
7
[312, 1073, 126, 144, 597, 83, 91]
16
<capture_2024-03-04_14_05_50-anonymized_clean.pcap.TCP_59-21-0-165_49152_59-145-145-218_3128.pcap: TCP:11 UDP:0 ICMP:0 Other:0>
Reading /home/etbert/ET-BERT/dataset1/splitcap/capture_2024-03-04_14_05_50-anonymized_clean.pcap/capture_2024-03-04_14_05_50-anonymized_clean.pcap.TCP_59-21-0-165_49152_59-145-145-218_3128.pcap...
DONE EXTRACTING.....
11
[305, 1295, 116, 222, 401, 83, 91, 91, 91, 91, 76]
17
<capture_2024-03-04_14_05_50-anonymized_clean.pcap.TCP_59-21-11-175_51960_59-152-44-186_443.pcap: TCP:6 UDP:0 ICMP:0 Other:0>
Reading /home/etbert/ET-BERT/dataset1/splitcap/capture_2024-03-04_14_05_50-anonymized_clean.pcap/capture_2024-03-04_14_05_50-anonymized_clean.pcap.TCP_59-21-11-175_51960_59-152-44-186_443.pcap...
DONE EXTRACTING.....
6
[643, -284, 104, 1441, -327, -1686]
18
<capture_2024-03-04_14_05_50-anonymized_clean.pcap.TCP_59-21-0-64_33050_59-145-145-218_3128.pcap: TCP:3 UDP:0 ICMP:0 Other:0>
Reading /home/etbert/ET-BERT/dataset1/splitcap/capture_2024-03-04_14_05_50-anonymized_clean.pcap/capture_2024-03-04_14_05_50-anonymized_clean.pcap.TCP_59-21-0-64_33050_59-145-145-218_3128.pcap...
DONE EXTRACTING.....
1
[569]
19
<capture_2024-03-04_14_05_50-anonymized_clean.pcap.TCP_59-21-0-64_32978_59-145-145-218_3128.pcap: TCP:15 UDP:0 ICMP:0 Other:0>
Reading /home/etbert/ET-BERT/dataset1/splitcap/capture_2024-03-04_14_05_50-anonymized_clean.pcap/capture_2024-03-04_14_05_50-anonymized_clean.pcap.TCP_59-21-0-64_32978_59-145-145-218_3128.pcap...
DONE EXTRACTING.....
15
[272, 569, 116, 144, 441, 83, 125, 127, 127, 126, 162, 147, 156, 149, 153]
20
<capture_2024-03-04_14_05_50-anonymized_clean.pcap.TCP_59-21-11-246_38604_59-145-145-218_3128.pcap: TCP:9 UDP:0 ICMP:0 Other:0>
Reading /home/etbert/ET-BERT/dataset1/splitcap/capture_2024-03-04_14_05_50-anonymized_clean.pcap/capture_2024-03-04_14_05_50-anonymized_clean.pcap.TCP_59-21-11-246_38604_59-145-145-218_3128.pcap...
DONE EXTRACTING.....
9
[-91, -264, -666, -83, -1813, -83, -91, -91, -91]
21
<capture_2024-03-04_14_05_50-anonymized_clean.pcap.TCP_59-21-0-162_47390_59-145-145-218_443.pcap: TCP:7 UDP:0 ICMP:0 Other:0>
Reading /home/etbert/ET-BERT/dataset1/splitcap/capture_2024-03-04_14_05_50-anonymized_clean.pcap/capture_2024-03-04_14_05_50-anonymized_clean.pcap.TCP_59-21-0-162_47390_59-145-145-218_443.pcap...
DONE EXTRACTING.....
7
[926, -196, 103, 830, -1596, -83, 83]
22
<capture_2024-03-04_14_05_50-anonymized_clean.pcap.TCP_59-21-0-120_64661_59-145-145-234_3128.pcap: TCP:1 UDP:0 ICMP:0 Other:0>
Reading /home/etbert/ET-BERT/dataset1/splitcap/capture_2024-03-04_14_05_50-anonymized_clean.pcap/capture_2024-03-04_14_05_50-anonymized_clean.pcap.TCP_59-21-0-120_64661_59-145-145-234_3128.pcap...
DONE EXTRACTING.....
1
[204]
23
<capture_2024-03-04_14_05_50-anonymized_clean.pcap.TCP_59-21-0-115_44544_59-145-145-218_3128.pcap: TCP:16 UDP:0 ICMP:0 Other:0>
Reading /home/etbert/ET-BERT/dataset1/splitcap/capture_2024-03-04_14_05_50-anonymized_clean.pcap/capture_2024-03-04_14_05_50-anonymized_clean.pcap.TCP_59-21-0-115_44544_59-145-145-218_3128.pcap...
DONE EXTRACTING.....
16
[-91, -4148, -1044, -626, -144, -3109, -4156, -5524, -1420, -4177, -5524, -4204, -2788, -8260, -690, -1558]
24
<capture_2024-03-04_14_05_50-anonymized_clean.pcap.TCP_59-21-0-136_46430_59-145-139-246_3128.pcap: TCP:1 UDP:0 ICMP:0 Other:0>
Reading /home/etbert/ET-BERT/dataset1/splitcap/capture_2024-03-04_14_05_50-anonymized_clean.pcap/capture_2024-03-04_14_05_50-anonymized_clean.pcap.TCP_59-21-0-136_46430_59-145-139-246_3128.pcap...
DONE EXTRACTING.....
1
[331]
25
<capture_2024-03-04_14_05_50-anonymized_clean.pcap.TCP_59-21-0-8_58848_59-145-139-246_3128.pcap: TCP:1 UDP:0 ICMP:0 Other:0>
Reading /home/etbert/ET-BERT/dataset1/splitcap/capture_2024-03-04_14_05_50-anonymized_clean.pcap/capture_2024-03-04_14_05_50-anonymized_clean.pcap.TCP_59-21-0-8_58848_59-145-139-246_3128.pcap...
DONE EXTRACTING.....
1
[-3548]
26
<capture_2024-03-04_14_05_50-anonymized_clean.pcap.TCP_59-21-11-138_59056_59-145-145-218_3128.pcap: TCP:1 UDP:0 ICMP:0 Other:0>
Reading /home/etbert/ET-BERT/dataset1/splitcap/capture_2024-03-04_14_05_50-anonymized_clean.pcap/capture_2024-03-04_14_05_50-anonymized_clean.pcap.TCP_59-21-11-138_59056_59-145-145-218_3128.pcap...
DONE EXTRACTING.....
1
[295]
27
<capture_2024-03-04_14_05_50-anonymized_clean.pcap.TCP_59-21-11-201_43214_59-145-145-218_3128.pcap: TCP:2 UDP:0 ICMP:0 Other:0>
Reading /home/etbert/ET-BERT/dataset1/splitcap/capture_2024-03-04_14_05_50-anonymized_clean.pcap/capture_2024-03-04_14_05_50-anonymized_clean.pcap.TCP_59-21-11-201_43214_59-145-145-218_3128.pcap...
DONE EXTRACTING.....
2
[293, -386]
28
<capture_2024-03-04_14_05_50-anonymized_clean.pcap.TCP_59-21-0-47_59923_75-2-105-218_443.pcap: TCP:13 UDP:0 ICMP:0 Other:0>
Reading /home/etbert/ET-BERT/dataset1/splitcap/capture_2024-03-04_14_05_50-anonymized_clean.pcap/capture_2024-03-04_14_05_50-anonymized_clean.pcap.TCP_59-21-0-47_59923_75-2-105-218_443.pcap...
DONE EXTRACTING.....
2
[-2788, -1420]
29
<capture_2024-03-04_14_05_50-anonymized_clean.pcap.TCP_59-21-11-138_44298_59-145-145-218_3128.pcap: TCP:1 UDP:0 ICMP:0 Other:0>
Reading /home/etbert/ET-BERT/dataset1/splitcap/capture_2024-03-04_14_05_50-anonymized_clean.pcap/capture_2024-03-04_14_05_50-anonymized_clean.pcap.TCP_59-21-11-138_44298_59-145-145-218_3128.pcap...
DONE EXTRACTING.....
1
[265]
30
<capture_2024-03-04_14_05_50-anonymized_clean.pcap.UDP_59-21-24-206_161_59-152-53-2_52090.pcap: TCP:0 UDP:8 ICMP:0 Other:0>
Reading /home/etbert/ET-BERT/dataset1/splitcap/capture_2024-03-04_14_05_50-anonymized_clean.pcap/capture_2024-03-04_14_05_50-anonymized_clean.pcap.UDP_59-21-24-206_161_59-152-53-2_52090.pcap...
DONE EXTRACTING.....
8
[74, -240, 76, -242, 76, -242, 76, -244]
31
<capture_2024-03-04_14_05_50-anonymized_clean.pcap.TCP_59-21-0-136_35186_59-152-44-186_443.pcap: TCP:4 UDP:0 ICMP:0 Other:0>
Reading /home/etbert/ET-BERT/dataset1/splitcap/capture_2024-03-04_14_05_50-anonymized_clean.pcap/capture_2024-03-04_14_05_50-anonymized_clean.pcap.TCP_59-21-0-136_35186_59-152-44-186_443.pcap...
DONE EXTRACTING.....
4
[716, 116, 1487, 76]
32
<capture_2024-03-04_14_05_50-anonymized_clean.pcap.TCP_59-21-2-250_55216_59-145-145-175_3128.pcap: TCP:1 UDP:0 ICMP:0 Other:0>
Reading /home/etbert/ET-BERT/dataset1/splitcap/capture_2024-03-04_14_05_50-anonymized_clean.pcap/capture_2024-03-04_14_05_50-anonymized_clean.pcap.TCP_59-21-2-250_55216_59-145-145-175_3128.pcap...
DONE EXTRACTING.....
1
[-3700]
33
<capture_2024-03-04_14_05_50-anonymized_clean.pcap.TCP_59-21-11-250_43831_59-145-145-234_3128.pcap: TCP:2 UDP:0 ICMP:0 Other:0>
Reading /home/etbert/ET-BERT/dataset1/splitcap/capture_2024-03-04_14_05_50-anonymized_clean.pcap/capture_2024-03-04_14_05_50-anonymized_clean.pcap.TCP_59-21-11-250_43831_59-145-145-234_3128.pcap...
DONE EXTRACTING.....
2
[214, -3616]
34
<capture_2024-03-04_14_05_50-anonymized_clean.pcap.TCP_59-21-0-162_52698_59-145-145-218_3128.pcap: TCP:16 UDP:0 ICMP:0 Other:0>
Reading /home/etbert/ET-BERT/dataset1/splitcap/capture_2024-03-04_14_05_50-anonymized_clean.pcap/capture_2024-03-04_14_05_50-anonymized_clean.pcap.TCP_59-21-0-162_52698_59-145-145-218_3128.pcap...
DONE EXTRACTING.....
14
[721, -6200, 116, 655, -603, 655, -153, 655, -153, 655, -153, 655, -153, 76]
35
<capture_2024-03-04_14_05_50-anonymized_clean.pcap.TCP_59-21-0-47_59480_75-2-105-218_443.pcap: TCP:14 UDP:0 ICMP:0 Other:0>
Reading /home/etbert/ET-BERT/dataset1/splitcap/capture_2024-03-04_14_05_50-anonymized_clean.pcap/capture_2024-03-04_14_05_50-anonymized_clean.pcap.TCP_59-21-0-47_59480_75-2-105-218_443.pcap...
DONE EXTRACTING.....
2
[-2788, -1420]
36
<capture_2024-03-04_14_05_50-anonymized_clean.pcap.TCP_59-21-0-222_60884_59-145-145-216_3128.pcap: TCP:2 UDP:0 ICMP:0 Other:0>
Reading /home/etbert/ET-BERT/dataset1/splitcap/capture_2024-03-04_14_05_50-anonymized_clean.pcap/capture_2024-03-04_14_05_50-anonymized_clean.pcap.TCP_59-21-0-222_60884_59-145-145-216_3128.pcap...
DONE EXTRACTING.....
2
[91, 76]
37
<capture_2024-03-04_14_05_50-anonymized_clean.pcap.TCP_59-21-11-131_40628_59-145-145-218_3128.pcap: TCP:2 UDP:0 ICMP:0 Other:0>
Reading /home/etbert/ET-BERT/dataset1/splitcap/capture_2024-03-04_14_05_50-anonymized_clean.pcap/capture_2024-03-04_14_05_50-anonymized_clean.pcap.TCP_59-21-11-131_40628_59-145-145-218_3128.pcap...
DONE EXTRACTING.....
2
[241, -393]
38
<capture_2024-03-04_14_05_50-anonymized_clean.pcap.TCP_59-21-0-213_59965_59-145-145-234_3128.pcap: TCP:1 UDP:0 ICMP:0 Other:0>
Reading /home/etbert/ET-BERT/dataset1/splitcap/capture_2024-03-04_14_05_50-anonymized_clean.pcap/capture_2024-03-04_14_05_50-anonymized_clean.pcap.TCP_59-21-0-213_59965_59-145-145-234_3128.pcap...
DONE EXTRACTING.....
1
[241]
39
<capture_2024-03-04_14_05_50-anonymized_clean.pcap.TCP_59-21-0-229_46306_59-145-145-175_3128.pcap: TCP:2 UDP:0 ICMP:0 Other:0>
Reading /home/etbert/ET-BERT/dataset1/splitcap/capture_2024-03-04_14_05_50-anonymized_clean.pcap/capture_2024-03-04_14_05_50-anonymized_clean.pcap.TCP_59-21-0-229_46306_59-145-145-175_3128.pcap...
DONE EXTRACTING.....
2
[264, -371]
40
<capture_2024-03-04_14_05_50-anonymized_clean.pcap.TCP_59-21-11-120_39882_59-145-145-218_3128.pcap: TCP:43 UDP:0 ICMP:0 Other:0>
Reading /home/etbert/ET-BERT/dataset1/splitcap/capture_2024-03-04_14_05_50-anonymized_clean.pcap/capture_2024-03-04_14_05_50-anonymized_clean.pcap.TCP_59-21-11-120_39882_59-145-145-218_3128.pcap...
DONE EXTRACTING.....
43
[266, 932, 132, 144, 401, 83, 135, 136, 136, 175, 87, 136, 87, 136, 136, 135, 136, 135, 135, 135, 135, 87, 135, 135, 135, 135, 135, 87, 135, 91, 87, 135, 135, 135, 174, 87, 136, 135, 135, 135, 87, 135, 135]
41
<capture_2024-03-04_14_05_50-anonymized_clean.pcap.TCP_59-21-2-249_59883_59-145-145-175_443.pcap: TCP:2 UDP:0 ICMP:0 Other:0>
Reading /home/etbert/ET-BERT/dataset1/splitcap/capture_2024-03-04_14_05_50-anonymized_clean.pcap/capture_2024-03-04_14_05_50-anonymized_clean.pcap.TCP_59-21-2-249_59883_59-145-145-175_443.pcap...
DONE EXTRACTING.....
2
[798, 178]
42
<capture_2024-03-04_14_05_50-anonymized_clean.pcap.TCP_59-21-0-176_44042_59-145-145-234_3128.pcap: TCP:1 UDP:0 ICMP:0 Other:0>
Reading /home/etbert/ET-BERT/dataset1/splitcap/capture_2024-03-04_14_05_50-anonymized_clean.pcap/capture_2024-03-04_14_05_50-anonymized_clean.pcap.TCP_59-21-0-176_44042_59-145-145-234_3128.pcap...
DONE EXTRACTING.....
1
[-383]
43
<capture_2024-03-04_14_05_50-anonymized_clean.pcap.TCP_59-21-11-70_55845_59-145-145-234_3128.pcap: TCP:1 UDP:0 ICMP:0 Other:0>
Reading /home/etbert/ET-BERT/dataset1/splitcap/capture_2024-03-04_14_05_50-anonymized_clean.pcap/capture_2024-03-04_14_05_50-anonymized_clean.pcap.TCP_59-21-11-70_55845_59-145-145-234_3128.pcap...
DONE EXTRACTING.....
1
[-374]
44
<capture_2024-03-04_14_05_50-anonymized_clean.pcap.TCP_59-21-0-115_36526_59-145-145-218_3128.pcap: TCP:33 UDP:0 ICMP:0 Other:0>
Reading /home/etbert/ET-BERT/dataset1/splitcap/capture_2024-03-04_14_05_50-anonymized_clean.pcap/capture_2024-03-04_14_05_50-anonymized_clean.pcap.TCP_59-21-0-115_36526_59-145-145-218_3128.pcap...
DONE EXTRACTING.....
31
[1280, -270, 116, 653, -896, -162, -78, 181, 83, -77, 83, -77, 83, -77, 83, -77, 83, -77, 83, -77, 83, -77, 83, -77, 83, -77, 83, -77, 83, -77, 76]
45
<capture_2024-03-04_14_05_50-anonymized_clean.pcap.TCP_59-21-11-245_49620_59-145-145-216_3128.pcap: TCP:3 UDP:0 ICMP:0 Other:0>
Reading /home/etbert/ET-BERT/dataset1/splitcap/capture_2024-03-04_14_05_50-anonymized_clean.pcap/capture_2024-03-04_14_05_50-anonymized_clean.pcap.TCP_59-21-11-245_49620_59-145-145-216_3128.pcap...
DONE EXTRACTING.....
3
[268, 845, 103]
46
<capture_2024-03-04_14_05_50-anonymized_clean.pcap.TCP_59-21-11-201_42482_59-145-145-218_3128.pcap: TCP:1 UDP:0 ICMP:0 Other:0>
Reading /home/etbert/ET-BERT/dataset1/splitcap/capture_2024-03-04_14_05_50-anonymized_clean.pcap/capture_2024-03-04_14_05_50-anonymized_clean.pcap.TCP_59-21-11-201_42482_59-145-145-218_3128.pcap...
DONE EXTRACTING.....
1
[-393]
47
<capture_2024-03-04_14_05_50-anonymized_clean.pcap.TCP_59-21-1-16_47738_59-145-145-218_3128.pcap: TCP:1 UDP:0 ICMP:0 Other:0>
Reading /home/etbert/ET-BERT/dataset1/splitcap/capture_2024-03-04_14_05_50-anonymized_clean.pcap/capture_2024-03-04_14_05_50-anonymized_clean.pcap.TCP_59-21-1-16_47738_59-145-145-218_3128.pcap...
DONE EXTRACTING.....
1
[239]
48
<capture_2024-03-04_14_05_50-anonymized_clean.pcap.TCP_59-21-11-156_49424_59-145-145-234_3128.pcap: TCP:1 UDP:0 ICMP:0 Other:0>
Reading /home/etbert/ET-BERT/dataset1/splitcap/capture_2024-03-04_14_05_50-anonymized_clean.pcap/capture_2024-03-04_14_05_50-anonymized_clean.pcap.TCP_59-21-11-156_49424_59-145-145-234_3128.pcap...
DONE EXTRACTING.....
1
[262]
49
