Begin to generate burst dataset.
0
tcp:  14
udp:  0
14
[91, 264, 666, 83, 1420, 828, 491, 91, 1018, 3480, 263, 85, 91, 91]
105 278 680 97 1434 842 505 105 1032 3494 277 99 105 105 
1
tcp:  66
udp:  0
66
[91, 428, 1010, 83, 264, 354, 514, 139, 247, 91, 118, 296, 193, 91, 333, 139, 91, 2642, 364, 293, 373, 329, 2776, 83, 91, 277, 125, 223, 170, 239, 250, 356, 240, 91, 1360, 578, 91, 296, 119, 91, 147, 118, 305, 234, 91, 1019, 405, 156, 98, 91, 118, 353, 161, 91, 234, 427, 91, 117, 150, 386, 254, 91, 91, 279, 314, 291]
105 442 1024 97 278 368 528 153 261 105 132 310 207 105 347 153 105 2656 378 307 387 343 2790 97 105 291 139 237 184 253 264 370 254 105 1374 592 105 310 133 105 161 132 319 248 105 1033 419 170 112 105 132 367 175 105 248 441 105 131 164 400 268 105 105 293 328 305 
