[129   0   1   0   0   4   0   0   1   0   0   0   0   0   0   0   0]
[  1 498   0   1   1   0   0   2   0   0   0   0   0   0   0   0   0]
[  2   0 491   0   1   2   0   0   0   0   0   0   0   1   0   0   0]
[  0   2   4 496   0   0   0   0   1   0   0   0   0   0   0   0   0]
[  0   0   1   0 495   0   0   1   0   0   0   0   0   0   0   0   0]
[ 2  0  2  3  0 76  0  0  0  0  0  1  0  0  0  0  0]
[  0   0   0   0   0   0 495   0   1   0   0   0   0   0   0   0   0]
[  0   0   0   0   0   0   0 497   0   0   0   0   0   0   0   0   0]
[  0   0   0   0   2   0   0   0 497   0   0   0   0   0   0   1   0]
[  0   0   0   0   0   0   1   0   0 500   0   0   0   0   0   0   0]
[  0   0   0   0   0   0   0   0   0   0 500   0   0   0   0   0   0]
[  0   0   1   0   0   0   0   0   0   0   0 496   0   4   0   0   0]
[  0   0   0   0   0   0   3   0   0   0   0   0 498   0   0   0   1]
[  0   0   0   0   0   0   0   0   0   0   0   3   0 495   0   0   0]
[  0   0   0   0   0   0   0   0   0   0   0   0   0   0 500   0   0]
[  0   0   0   0   0   0   0   0   0   0   0   0   0   0   0 499   0]
[  0   0   0   0   1   0   1   0   0   0   0   0   2   0   0   0 499]
